k |f(t_k)| t_k |t_k-1 - t_k| kov_order
1 6.7032004603563933e-01 6.7032004603563933e-01 1.2967995396436072e-01 1.0000000000000000e+00
2 7.1522362495169411e-01 7.1522362495169411e-01 4.4903578916054787e-02 1.0000000000000000e+00
3 6.9934449913103547e-01 6.9934449913103547e-01 1.5879125820658646e-02 1.3349766176605229e+00
4 7.0491908939934822e-01 7.0491908939934822e-01 5.5745902683127513e-03 1.2526791664845673e+00
5 7.0295700757234270e-01 7.0295700757234270e-01 1.9620818270055240e-03 1.2012150338034437e+00
6 7.0364697554527211e-01 7.0364697554527211e-01 6.8996797292941725e-04 1.1676545091926669e+00
7 7.0340427047367327e-01 7.0340427047367327e-01 2.4270507159884769e-04 1.1435386035041268e+00
8 7.0348963554511668e-01 7.0348963554511668e-01 8.5365071443410656e-05 1.1255348663859854e+00
9 7.0345960946441677e-01 7.0345960946441677e-01 3.0026080699907531e-05 1.1115293222055915e+00
10 7.0347017061119554e-01 7.0347017061119554e-01 1.0561146778775843e-05 1.1003399520849282e+00
11 7.0346645589514034e-01 7.0346645589514034e-01 3.7147160552031266e-06 1.0911895315570062e+00
12 7.0346776248542275e-01 7.0346776248542275e-01 1.3065902824127562e-06 1.0835690577077515e+00
13 7.0346730291350157e-01 7.0346730291350157e-01 4.5957192118528667e-07 1.0771238426846663e+00
14 7.0346746456043008e-01 7.0346746456043008e-01 1.6164692850928475e-07 1.0716016629418748e+00
15 7.0346740770375493e-01 7.0346740770375493e-01 5.6856675145766644e-08 1.0668174195226205e+00
16 7.0346742770216419e-01 7.0346742770216419e-01 1.9998409261923200e-08 1.0626324803200442e+00
17 7.0346742066804946e-01 7.0346742066804946e-01 7.0341147351271616e-09 1.0589408671074347e+00
18 7.0346742314218469e-01 7.0346742314218469e-01 2.4741352300239328e-09 1.0556602075856700e+00
19 7.0346742227194792e-01 7.0346742227194792e-01 8.7023677153297285e-10 1.0527254942286612e+00
20 7.0346742257803951e-01 7.0346742257803951e-01 3.0609159651362461e-10 1.0500847532572188e+00
21 7.0346742247037686e-01 7.0346742247037686e-01 1.0766265656769747e-10 1.0476959457088573e+00
22 7.0346742250824545e-01 7.0346742250824545e-01 3.7868597146939464e-11 1.0455245624212499e+00
23 7.0346742249492578e-01 7.0346742249492578e-01 1.3319678693335391e-11 1.0435422784484316e+00
24 7.0346742249961070e-01 7.0346742249961070e-01 4.6849191193132356e-12 1.0417260254840226e+00
25 7.0346742249796290e-01 7.0346742249796290e-01 1.6477930131486573e-12 1.0400553895266764e+00
26 7.0346742249854244e-01 7.0346742249854244e-01 5.7953641885433171e-13 1.0385146545973860e+00
27 7.0346742249833860e-01 7.0346742249833860e-01 2.0383694732117874e-13 1.0370843196909718e+00
28 7.0346742249841032e-01 7.0346742249841032e-01 7.1720407390785113e-14 1.0357458255143608e+00
29 7.0346742249838512e-01 7.0346742249838512e-01 2.5202062658991053e-14 1.0345552583581887e+00
30 7.0346742249839400e-01 7.0346742249839400e-01 8.8817841970012523e-15 1.0333076252094715e+00
31 7.0346742249839078e-01 7.0346742249839078e-01 3.2196467714129540e-15 1.0313626300318426e+00
32 7.0346742249839200e-01 7.0346742249839200e-01 1.2212453270876722e-15 1.0290504928002444e+00
33 7.0346742249839156e-01 7.0346742249839156e-01 4.4408920985006262e-16 1.0294593232641702e+00
34 7.0346742249839167e-01 7.0346742249839167e-01 1.1102230246251565e-16 1.0392156862745099e+00
35 7.0346742249839167e-01 7.0346742249839167e-01 0.0000000000000000e+00                inf
